image_width: 1280
image_height: 720
camera_name: csi_cam_wide
camera_matrix:
  rows: 3
  cols: 3
  data: [392.856247664625, 0, 639.5872444028206, 0, 391.9679360477625, 394.7437530498171, 0, 0, 1]
distortion_model: plumb_bob
distortion_coefficients:
  rows: 1
  cols: 4
  data: [-0.02484565051946391, 0.001479578459809469, -0.001330035742548878, -0.0007735825732525753]
rectification_matrix:
  rows: 3
  cols: 3
  data: [1, 0, 0, 0, 1, 0, 0, 0, 1]
projection_matrix:
  rows: 3
  cols: 4
  data: [392.856247664625, 0, 639.5872444028206, 0, 0, 391.9679360477625, 394.7437530498171, 0, 0, 0, 1, 0]