image_width: 1280
image_height: 720
camera_name: csi_cam_wide
camera_matrix:
  rows: 3
  cols: 3
  data: [444.41105276064843, 0.0, 703.7696270573854, 0.0, 442.40970940426155, 371.8173201007075, 0.0, 0.0, 1.0]
distortion_model: plumb_bob
distortion_coefficients:
  rows: 1
  cols: 4
  data: [-0.05576585565681086, 0.05081608201003199, -0.063392242030011, 0.023800682527964953]
rectification_matrix:
  rows: 3
  cols: 3
  data: [1.0, 0.0, 0.0, 0.0, 1.0, 0.0, 0.0, 0.0, 1.0]
projection_matrix:
  rows: 3
  cols: 4
  data: [444.41105276064843, 0.0, 703.7696270573854, 0.0, 0.0, 442.40970940426155, 371.8173201007075, 0.0, 0.0, 0.0, 1.0, 0.0]
